0 31
1 01 SAO_PAULO
1 02 SOROCABA
1 03 ITAPETININGA
1 04 BOITUVA
1 05 OURINHOS
1 06 LIMEIRA
1 07 PIRASSUNUNGA
1 08 REGISTRO
1 09 PINDAMONHANGABA
1 10 POUSO_ALEGRE
1 11 ITAJUBA
1 12 APUCARANA
1 13 PONTA_GROSSA
1 14 GUARAPUAVA
1 15 IRATI
1 16 IBIATI
1 17 PITANGA
1 18 SAO_LUIS_DO_PURUNA
1 19 JANDAIA_DO_SUL
1 20 CAMPO_MOURAO
1 21 UNIAO_DA_VITORIA
1 22 CURITIBA
1 23 BARRACAO
1 24 FRANCISCO_BELTRAO
1 25 CASCAVEL
1 26 LARANJEIRAS_DO_SUL
1 27 PATO_BRANCO
1 28 PORTO_UNIAO
1 29 PAPANDUVA
1 30 CANOINHAS
1 31 JOINVILLE

2	1	999	109	999	128	999	148	999	184	180	999	999	999	999	999	999	999	999	999	999	999	999	999	999	999	999	999	999	999	999	999	999
2	2	999	999	78	999	999	999	999	127	999	999	999	999	999	999	999	999	999	999	999	999	999	999	999	999	999	999	999	999	999	999	999
2	3	999	78	999	86	999	999	999	999	999	999	999	999	999	999	271	999	999	999	999	999	999	999	999	999	999	999	999	999	999	999	999
2	4	128	999	86	999	280	102	999	999	999	999	999	999	999	999	999	999	999	999	999	999	999	999	999	999	999	999	999	999	999	999	999
2	5	148	999	999	280	999	999	332	999	999	999	999	218	999	999	999	999	999	999	999	999	999	999	999	999	999	999	999	999	999	999	999
2	6	148	999	999	102	999	999	76	999	999	999	999	999	999	999	999	999	999	999	999	999	999	999	999	999	999	999	999	999	999	999	999
2	7	999	999	999	999	332	76	999	999	999	999	999	999	999	999	999	999	999	999	999	999	999	999	999	999	999	999	999	999	999	999	999
2	8	184	127	999	999	999	999	999	999	999	999	999	999	999	999	999	999	999	999	999	999	999	218	999	999	999	999	999	999	999	999	999
2	9	180	999	999	999	999	999	999	999	999	999	66	999	999	999	999	999	999	999	999	999	999	999	999	999	999	999	999	999	999	999	999
2	10	178	999	999	999	999	999	999	999	999	999	88	999	999	999	999	999	999	999	999	999	999	999	999	999	999	999	999	999	999	999	999
2	11	999	999	999	999	999	999	999	999	66	88	999	999	999	999	999	999	999	999	999	999	999	999	999	999	999	999	999	999	999	999	999
2	12	999	999	999	999	218	999	999	999	999	999	999	999	264	999	999	999	999	999	26	999	999	999	999	999	999	999	999	999	999	999	999
2	13	999	999	999	999	999	999	999	999	999	999	999	264	999	180	77	160	999	999	999	999	999	999	999	999	999	999	999	999	999	999	999
2	14	999	999	999	999	999	999	999	999	999	999	999	999	180	999	107	999	93	112	999	999	110	999	999	999	999	116	177	999	999	999	999
2	15	999	999	999	999	999	999	999	999	999	999	999	999	77	107	999	999	999	999	999	999	999	999	999	999	999	999	999	999	999	999	999
2	16	999	999	271	999	999	999	999	999	999	999	999	999	160	999	999	999	999	999	999	999	999	999	999	999	999	999	999	999	999	999	999
2	17	999	999	999	999	999	999	999	999	999	999	999	999	999	93	999	999	999	999	138	118	999	999	999	999	999	999	999	999	999	999	999
2	18	999	999	999	999	999	999	999	999	999	999	999	999	999	112	999	999	999	999	999	999	999	68	999	999	999	999	999	999	999	999	999
2	19	999	999	999	999	999	999	999	999	999	999	999	26	999	999	999	999	138	999	999	999	999	999	999	999	999	999	999	999	999	999	999
2	20	999	999	999	999	999	999	999	999	999	999	999	999	999	999	999	999	118	999	999	999	999	999	999	999	188	999	999	999	999	999	999
2	21	999	999	999	999	999	999	999	999	999	999	999	999	999	110	999	999	999	999	999	999	999	260	999	999	999	999	999	2	999	999	999
2	22	999	999	999	999	999	999	999	218	999	999	999	999	999	999	999	999	999	68	999	999	260	999	999	999	999	999	999	999	999	999	117
2	23	999	999	999	999	999	999	999	999	999	999	999	999	999	999	999	999	999	999	999	999	999	999	999	80	167	999	999	999	999	999	999
2	24	999	999	999	999	999	999	999	999	999	999	999	999	999	999	999	999	999	999	999	999	999	999	80	999	999	103	64	999	999	999	999
2	25	999	999	999	999	999	999	999	999	999	999	999	999	999	999	999	999	999	999	999	188	999	999	999	999	999	999	138	999	999	999	999
2	26	999	999	999	999	999	999	999	999	999	999	999	999	999	116	999	999	999	999	999	999	999	999	999	999	999	138	999	999	999	999	999
2	27	999	999	999	999	999	999	999	999	999	999	999	999	999	177	999	999	999	999	999	999	180	999	999	64	999	999	999	999	999	999	999
2	28	999	999	999	999	999	999	999	999	999	999	999	999	999	999	999	999	999	999	999	999	2	999	999	999	999	999	999	999	999	81	999
2	29	999	999	999	999	999	999	999	999	999	999	999	999	999	999	999	999	999	999	999	999	999	999	999	999	999	999	999	999	999	41	168
2	30	999	999	999	999	999	999	999	999	999	999	999	999	999	999	999	999	999	999	999	999	999	999	999	999	999	999	999	81	41	188	999
2	31	999	999	999	999	999	999	999	999	999	999	999	999	999	999	999	999	999	999	999	999	999	117	999	999	999	999	999	999	168	999	999
